2025-10-24_17-18-06_1.jpg,[-0.4534336240596647, -0.26874228108235465, 0.5489610681162341, 1.2150332139996178, -2.852085366328279, 0.03200824596736449]
2025-10-24_17-20-07_1.jpg,[-0.3034542955720541, -0.4387318758234005, 0.5689211918591062, 1.2150056777613143, -2.8521314531570385, 0.031842343352188406]
2025-10-24_17-20-16_1.jpg,[-0.30344894677435785, -0.43874351462603434, 0.5689499208047731, -1.586886370711885, 2.365676726743344, -0.026486576721593266]
2025-10-24_17-20-21_1.jpg,[-0.2734483839745688, -0.43876011294927175, 0.568926018609973, -1.5868711316943547, 2.3656479652508633, -0.026451352349577774]
2025-10-24_17-20-29_1.jpg,[-0.2734547906874928, -0.36875579267719116, 0.5689315757240896, -1.5868678827432252, 2.3656463501751963, -0.026447714037066253]
2025-10-24_17-20-40_1.jpg,[-0.29344668265964846, -0.2987539225964887, 0.5789215760812135, -1.5868609970145011, 2.365604641979476, -0.026417372820365628]
2025-10-24_17-20-52_1.jpg,[-0.2934538118319349, -0.29874855241645215, 0.5789093028110486, -1.4438836632255283, 2.284208155052721, -0.024033095157048136]
2025-10-24_17-21-10_1.jpg,[-0.3334641871333276, -0.3187404094249086, 0.5789154031112332, -0.9340944092273831, 2.9660207018677966, -0.031181008444483318]
2025-10-24_17-21-18_1.jpg,[-0.3334598174625445, -0.31873687876260653, 0.5789182409045794, -0.9248425800449375, 2.936609437602522, 0.30780797421702794]
2025-10-24_17-21-28_1.jpg,[-0.3334511074615773, -0.31875517164922534, 0.5789329579061775, -1.313977029500208, 2.542595235227905, 0.19313927853627919]
2025-10-24_17-21-42_1.jpg,[-0.32345996218331674, -0.35875696977538307, 0.5789252340691403, -1.4128859015928092, 2.3420143717408406, 0.17792218339971078]
2025-10-24_17-21-56_1.jpg,[-0.323457403694988, -0.3587440809990879, 0.5489336850449683, -1.3040604311269774, 2.181996289267007, 0.1567317316734862]
2025-10-24_17-22-02_1.jpg,[-0.363451964868907, -0.3587454126590292, 0.5489430263757427, -1.3040544713536155, 2.18202441231723, 0.15671657095180708]
2025-10-24_17-22-12_1.jpg,[-0.3634614830678443, -0.3587583108573086, 0.5589282599581354, -1.8305495664479607, 2.3703767608806703, 0.21037701596660716]
2025-10-24_17-22-20_1.jpg,[-0.36346374764549083, -0.3587469288532141, 0.5589420077776592, -1.7359701748356144, 2.323617700996484, -0.3305959194028259]
2025-10-24_17-22-27_1.jpg,[-0.36345839873367247, -0.3587482728295226, 0.5589177510994945, -1.768992903764787, 1.943826166200551, -0.27653822840928033]
2025-10-24_17-22-35_1.jpg,[-0.3634554333584164, -0.38875331181531564, 0.5589181070244745, -2.077105781088324, 1.984846924393567, -0.32470442037198616]
2025-10-24_17-22-43_1.jpg,[-0.34346417506589255, -0.37875146055257247, 0.5589128804832987, -2.0506731414939856, 1.8286028025755765, -0.299120066811858]
2025-10-24_17-22-54_1.jpg,[-0.3434656636509128, -0.3787362423342875, 0.5589219015660944, -2.068114860884718, 1.8442043367952337, 0.18212307770694264]
2025-10-24_17-23-45_1.jpg,[-0.3435043828715325, -0.3787647806759325, 0.5588902025078493, -2.383368421930556, 1.8069134400608833, 0.20982138232486888]
2025-10-24_17-24-05_1.jpg,[-0.3435043828715325, -0.3787647806759325, 0.5588902025078493, -2.383368421930556, 1.8069134400608833, 0.20982138232486888]
2025-10-24_17-24-14_1.jpg,[-0.3435043828715325, -0.3787647806759325, 0.5588902025078493, -2.383368421930556, 1.8069134400608833, 0.20982138232486888]
2025-10-24_17-24-18_1.jpg,[-0.3435043828715325, -0.3787647806759325, 0.5588902025078493, -2.383368421930556, 1.8069134400608833, 0.20982138232486888]
2025-10-24_17-24-41_1.jpg,[-0.3435043828715325, -0.3787647806759325, 0.5588902025078493, -2.383368421930556, 1.8069134400608833, 0.20982138232486888]
